457734
502891
8779
131561
416541
689223
854934
743270
429605
388357
281503
237189
85092
664541
206737
291198
442074
237394
608158
921307
211780
880799
990920
410670
313851
468218
370798
906831
886231
85365
208787
3757
497291
725083
246452
922562
739080
222696
990935
317895
723511
898621
633108
661046
235726
707648
815210
958763
346850
742250
316402
336316
318005
152722
314373
60582
995618
598109
817710
431970
318425
431750
340686
344240
663217
277746
223545
360009
901736
767822
552118
219378
730106
290263
197796
313159
247691
329874
658591
606203
136655
412035
43628
627628
252610
872471
169399
828216
894357
669517
926944
140971
404986
42612
483117
775408
41582
288868
997829
957980
967750
455201
540674
579028
190132
97024
89857
27742
954926
1214
812891
665744
423165
211507
778962
390037
871769
713058
575277
274393
591994
395329
949299
232219
324525
894794
814392
687494
290793
906035
755224
442470
815692
184258
638453
681454
355008
464600
437496
155586
782614
141657
873290
893143
340273
261200
201453
193479
747297
93080
903639
328524
713591
207083
365986
56068
505902
792102
738150
778985
766279
402363
220596
532538
729637
370421
333699
722554
573054
97508
35029
407169
275562
903338
491779
933984
522039
539803
375593
63325
176988
104560
423844
197713
2396
426700
728879
608609
818272
66032
175552
46553
210097
142158
872954
863898
921061
824399
163506
969852
927501
478899
620425
649789
541698
980117
52962
293900
198951
915649
534029
449746
416509
674825
601997
145366
462166
22883
530142
786584
641542
208737
387929
990669
921956
472123
680719
617051
514031
111528
12923
697640
859944
405741
135824
698089
484135
257702
139662
505926
373738
918626
893305
902623
15650
209453
630044
535272
23808
211235
401732
381825
777904
376922
328310
202411
574617
113403
727833
69575
783045
919558
779869
87423
386373
320036
589802
10768
539001
387555
661231
204464
366868
507863
896493
206563
315432
485306
458666
196150
325726
145447
76890
786443
709796
114745
403383
483022
561078
417060
123472
370732
529869
553734
206528
454180
138757
805882
999897
179261
619651
619276
479918
636253
550004
197268
14957
753688
964076
605394
370626
89311
138384
15330
227496
637598
326315
477073
861274
755275
916653
590427
933337
605588
264083
774146
158242
296781
301335
442313
67806
509550
969056
763052
576499
706450
149176
440637
720086
512528
99788
649695
518946
439331
530081
517808
715995
998186
326238
568930
127865
145331
428255
244622
262608
512871
169586
874330
855817
775858
522673
201823
452353
5410
537588
861076
603902
858979
438831
4693
972069
369325
240634
348746
655487
750605
71481
494006
75507
229922
541798
160056
970543
216052
314448
406122
564942
724434
984091
547275
536864
274846
584820
944228
989855
897965
197342
997183
901743
152652
913906
857016
43002
805192
596861
242187
904697
79509
72782
512003
441390
675580
798823
109542
717707
846264
714927
719948
690962
615113
779781
879468
358535
375203
467829
697223
784505
780053
358891
241169
553263
557945
75910
406502
316016
684782
600701
165351
619191
555908
501425
485433
135299
472088
105885
861284
476023
958925
226521
627238
666685
961041
789868
770277
372871
518085
982128
151446
337363
899638
457682
124644
204265
831613
442387
367092
83317
875968
793526
516572
245563
549576
100757
135054
113688
294348
227816
370094
269318
90192
704847
825580
37179
731653
58131
592222
768077
789280
33631
281578
702654
932902
311635
719553
98226
860428
764815
303686
29701
222440
777967
83702
649046
709949
381675
117109
860284
654814
656589
562170
773916
95681
882128
247171
678438
632102
571112
472612
257129
850165
599015
777684
842337
995595
297565
796308
237941
864851
36828
736907
13180
924130
340393
530525
312225
621145
660181
810877
833625
941022
731938
596910
132691
955108
507662
606973
50774
64464
41115
466124
289316
775850
46557
663183
107072
483930
725012
653451
412384
69014
879168
479080
101633
403329
548990
849786
238935
835250
418593
57293
455568
243882
122634
799754
118227
485752
644993
887229
487933
690592
229181
657124
823736
570704
447591
720977
877573
677210
907100
828295
379780
6730
398493
764611
61854
252858
978924
729362
889765
657876
851685
215524
129518
467469
494203
529081
136863
730450
544956
104967
838937
321430
649165
205439
839833
705691
138991
530929
955738
311660
455860
561725
411797
590298
161160
932485
845389
358023
221547
865369
506828
915631
481111
830057
322554
13657
11253
356267
560148
918510
584114
630770
132254
285780
473005
541997
357565
676701
924778
356163
597514
447995
257271
578105
685663
289960
287374
539220
306309
45365
683692
262487
508903
679587
598139
923306
323966
819108
882885
309823
178085
266371
454428
37228
211193
308737
429471
609664
600940
619163
574920
652335
433245
865384
751502
58833
142007
903006
144394
516241
726283
472033
49958
998430
718465
805274
121867
452667
687641
549699
701678
538457
793816
98602
178078
331143
477214
220043
850559
860573
860489
161357
421927
687146
470445
515004
829242
643519
411732
539306
781299
420960
158361
850291
67187
189699
216413
455998
802410
405919
186870
976804
922023
51241
401132
36463
858519
818290
170953
420359
581619
405611
536094
767468
655752
48573
50106
362812
527985
203461
976032
478348
524582
631982
768400
280718
863743
427172
31415
472026
598377
504863
417633
444640
673703
883685
239334
854333
769661
917629
140132
494599
956213
991373
957687
859335
368513
390893
194539
18614
139593
853601
411660
82596
429887
192169
935869
773688
282841
604061
172720
431347
786875
698927
821982
560403
987978
91454
93765
255714
809239
679420
76798
610356
546976
965080
522135
16856
674295
392712
395852
956497
716280
496448
332433
228423
93203
818684
498400
965181
431463
949293
571492
649247
228556
708785
191371
740933
169391
397284
871357
277059
297128
938825
693022
943820
776803
284951
535620
948454
670034
402660
99393
373776
208209
216223
198714
774074
850141
77206
950847
652941
593054
128584
307898
343593
591575
911198
865447
321838
257356
264849
847465
760658
521355
118793
659369
777455
287073
388613
451620
291899
283064
33593
778794
512450
333547
197716
441038
12333
510071
417297
374439
575832
930084
218416
684005
168544
114574
349429
835892
865605
419504
697429
691098
405185
555195
822382
336068
89416
40501
421259
970648
461528
625586
142595
853524
43108
833437
279095
10046
393859
953807
853114
811767
840059
374057
755280
830574
302939
434788
490825
146528
937644
36368
586015
872395
585635
342495
373609
957255
511165
345295
351622
971832
88812
930296
396558
950246
271136
848539
124544
818754
319126
339383
925680
395445
566390
369309
334686
514775
283562
991808
33129
654628
549676
758378
33004
425160
39571
270200
267889
700613
459828
321840
982528
48564
602185
364929
722955
909763
461146
805034
43085
938047
793891
155718
311049
598261
594335
190570
306005
699973
491456
342481
157340
3004
795813
696994
905803
814081
380939
971398
910675
936
580650
423931
358926
997286
840502
877116
276907
685108
646354
424923
537276
478528
432370
578729
344384
877605
930976
918390
314472
849001
447842
51563
692804
600994
648147
463171
736398
905191
942773
