936
1214
2396
3004
3757
4693
5410
6730
8779
10046
10768
11253
12333
12923
13180
13657
14957
15330
15650
16856
18614
22883
23808
27742
29701
31415
33004
33129
33593
33631
35029
36368
36463
36828
37179
37228
39571
40501
41115
41582
42612
43002
43085
43108
43628
45365
46553
46557
48564
48573
49958
50106
50774
51241
51563
52962
56068
57293
58131
58833
60582
61854
63325
64464
66032
67187
67806
69014
69575
71481
72782
75507
75910
76798
76890
77206
79509
82596
83317
83702
85092
85365
87423
88812
89311
89416
89857
90192
91454
93080
93203
93765
95681
97024
97508
98226
98602
99393
99788
100757
101633
104560
104967
105885
107072
109542
111528
113403
113688
114574
114745
117109
118227
118793
121867
122634
123472
124544
124644
127865
128584
129518
131561
132254
132691
135054
135299
135824
136655
136863
138384
138757
138991
139593
139662
140132
140971
141657
142007
142158
142595
144394
145331
145366
145447
146528
149176
151446
152652
152722
155586
155718
157340
158242
158361
160056
161160
161357
163506
165351
168544
169391
169399
169586
170953
172720
175552
176988
178078
178085
179261
184258
186870
189699
190132
190570
191371
192169
193479
194539
196150
197268
197342
197713
197716
197796
198714
198951
201453
201823
202411
203461
204265
204464
205439
206528
206563
206737
207083
208209
208737
208787
209453
210097
211193
211235
211507
211780
215524
216052
216223
216413
218416
219378
220043
220596
221547
222440
222696
223545
226521
227496
227816
228423
228556
229181
229922
232219
235726
237189
237394
237941
238935
239334
240634
241169
242187
243882
244622
245563
246452
247171
247691
252610
252858
255714
257129
257271
257356
257702
261200
262487
262608
264083
264849
266371
267889
269318
270200
271136
274393
274846
275562
276907
277059
277746
279095
280718
281503
281578
282841
283064
283562
284951
285780
287073
287374
288868
289316
289960
290263
290793
291198
291899
293900
294348
296781
297128
297565
301335
302939
303686
306005
306309
307898
308737
309823
311049
311635
311660
312225
313159
313851
314373
314448
314472
315432
316016
316402
317895
318005
318425
319126
320036
321430
321838
321840
322554
323966
324525
325726
326238
326315
328310
328524
329874
331143
332433
333547
333699
334686
336068
336316
337363
339383
340273
340393
340686
342481
342495
343593
344240
344384
345295
346850
348746
349429
351622
355008
356163
356267
357565
358023
358535
358891
358926
360009
362812
364929
365986
366868
367092
368513
369309
369325
370094
370421
370626
370732
370798
372871
373609
373738
373776
374057
374439
375203
375593
376922
379780
380939
381675
381825
386373
387555
387929
388357
388613
390037
390893
392712
393859
395329
395445
395852
396558
397284
398493
401132
401732
402363
402660
403329
403383
404986
405185
405611
405741
405919
406122
406502
407169
410670
411660
411732
411797
412035
412384
416509
416541
417060
417297
417633
418593
419504
420359
420960
421259
421927
423165
423844
423931
424923
425160
426700
427172
428255
429471
429605
429887
431347
431463
431750
431970
432370
433245
434788
437496
438831
439331
440637
441038
441390
442074
442313
442387
442470
444640
447591
447842
447995
449746
451620
452353
452667
454180
454428
455201
455568
455860
455998
457682
457734
458666
459828
461146
461528
462166
463171
464600
466124
467469
467829
468218
470445
472026
472033
472088
472123
472612
473005
476023
477073
477214
478348
478528
478899
479080
479918
481111
483022
483117
483930
484135
485306
485433
485752
487933
490825
491456
491779
494006
494203
494599
496448
497291
498400
501425
502891
504863
505902
505926
506828
507662
507863
508903
509550
510071
511165
512003
512450
512528
512871
514031
514775
515004
516241
516572
517808
518085
518946
521355
522039
522135
522673
524582
527985
529081
529869
530081
530142
530525
530929
532538
534029
535272
535620
536094
536864
537276
537588
538457
539001
539220
539306
539803
540674
541698
541798
541997
544956
546976
547275
548990
549576
549676
549699
550004
552118
553263
553734
555195
555908
557945
560148
560403
561078
561725
562170
564942
566390
568930
570704
571112
571492
573054
574617
574920
575277
575832
576499
578105
578729
579028
580650
581619
584114
584820
585635
586015
589802
590298
590427
591575
591994
592222
593054
594335
596861
596910
597514
598109
598139
598261
598377
599015
600701
600940
600994
601997
602185
603902
604061
605394
605588
606203
606973
608158
608609
609664
610356
615113
617051
619163
619191
619276
619651
620425
621145
625586
627238
627628
630044
630770
631982
632102
633108
636253
637598
638453
641542
643519
644993
646354
648147
649046
649165
649247
649695
649789
652335
652941
653451
654628
654814
655487
655752
656589
657124
657876
658591
659369
660181
661046
661231
663183
663217
664541
665744
666685
669517
670034
673703
674295
674825
675580
676701
677210
678438
679420
679587
680719
681454
683692
684005
684782
685108
685663
687146
687494
687641
689223
690592
690962
691098
692804
693022
696994
697223
697429
697640
698089
698927
699973
700613
701678
702654
704847
705691
706450
707648
708785
709796
709949
713058
713591
714927
715995
716280
717707
718465
719553
719948
720086
720977
722554
722955
723511
724434
725012
725083
726283
727833
728879
729362
729637
730106
730450
731653
731938
736398
736907
738150
739080
740933
742250
743270
747297
750605
751502
753688
755224
755275
755280
758378
760658
763052
764611
764815
766279
767468
767822
768077
768400
769661
770277
773688
773916
774074
774146
775408
775850
775858
776803
777455
777684
777904
777967
778794
778962
778985
779781
779869
780053
781299
782614
783045
784505
786443
786584
786875
789280
789868
792102
793526
793816
793891
795813
796308
798823
799754
802410
805034
805192
805274
805882
809239
810877
811767
812891
814081
814392
815210
815692
817710
818272
818290
818684
818754
819108
821982
822382
823736
824399
825580
828216
828295
829242
830057
830574
831613
833437
833625
835250
835892
838937
839833
840059
840502
842337
845389
846264
847465
848539
849001
849786
850141
850165
850291
850559
851685
853114
853524
853601
854333
854934
855817
857016
858519
858979
859335
859944
860284
860428
860489
860573
861076
861274
861284
863743
863898
864851
865369
865384
865447
865605
871357
871769
872395
872471
872954
873290
874330
875968
877116
877573
877605
879168
879468
880799
882128
882885
883685
886231
887229
889765
893143
893305
894357
894794
896493
897965
898621
899638
901736
901743
902623
903006
903338
903639
904697
905191
905803
906035
906831
907100
909763
910675
911198
913906
915631
915649
916653
917629
918390
918510
918626
919558
921061
921307
921956
922023
922562
923306
924130
924778
925680
926944
927501
930084
930296
930976
932485
932902
933337
933984
935869
937644
938047
938825
941022
942773
943820
944228
948454
949293
949299
950246
950847
953807
954926
955108
955738
956213
956497
957255
957687
957980
958763
958925
961041
964076
965080
965181
967750
969056
969852
970543
970648
971398
971832
972069
976032
976804
978924
980117
982128
982528
984091
987978
989855
990669
990920
990935
991373
991808
995595
995618
997183
997286
997829
998186
998430
999897
